23
2750789 
2787240
70545847 
79561798
1223 
2013
2356565565620262623977 
898794316431326232232
8986232629659898232649841221841212418412
8986232629659898232649841221841212418412
19862511 
11021895
323431566444215453145232463243342332433243511222253
1222665392532652222222222329823322398632332232987922
999999999999999999999999999999999999999999999999
999999999999999999999999999999999999999999999999
999999999999999999999999999999999999999999999999
999999999999999999999999999999999999
1234567890
987654321
15484123187432232597783131214845412186765121387121212388
13243465767854587845466753434465634355764342455675533545
9887657657546454654453454543575663246565654
2326574113241654230231243232659323322323233
1223223216453445484854855454
1228584544466986634665945434
1878451143434341847554152154
2329545462543235243254352345243
343415243544512511232858545
5454298954632233254
7843214343429543426235452
2953274153143434341885434
434343545295623232431188521218
3434555474118121217568123165658
2 
3
10
11
17 
2
17
3
923
120
923
 77

