5538029
150107645
3236
3255359882051588856209
17972465259319796465299682443682424836824
30884406
1546096958976867675367454793066664731065575744210175
1999999999999999999999999999999999999999999999998
1000000000000999999999999999999999999999999999998
2222222211
28727588955286820443249884649311046542529463842796745933
12214231770788108884684697776234986568888887
2451807760920432119520800888
2331423913686669585101906497397
343415248998811465865091799
10796488496572977768120886
3868899019413744449999311686876
5
21
19
20
1043
1000
