5 5
01010
01010
01010
01010
00000

5 5
01010
01010
01010
11010
00001

5 5
01010
11010
11010
11010
00000

5 5
00010
11010
11010
11010
00000

5 5
00010
11010
11010
11010
00100

5 5
00000
11010
11010
11010
00000

------------------------

10 10
1100010001
0101000000
0101011001
0101010100
0001110101
0101000101
0101000101
0101000101
0101000101
0101000101

-------------

10 10
0100010001
0101000000
0101011001
0101010100
0001110101
0101010101
0101000101
0101010001
0101110000
1111111100

------------------

10 10
0000000000
0000000000
0000000000
0000000000
0000000000
0000000000
0000000000
0000000000
0000000000
0000000000


6 5
00000
11010
10011
11000
00010
00000



