29 2 2012
28 2 2012
29 2 2000
29 2 1000
28 2 1000
8 1 6334
1 3 15724
27 0 26962
11 7 28145
16 13 9961
29 13 11942
9 4 32391
18 10 153
28 6 17421
5 6 19895
2 12 14771
21 7 19912
26 7 17035
27 3 23811
5 9 17673
11 7 7711
5 8 25547
23 0 32757
6 7 8723
6 5 778
7 11 22190
27 8 30106
31 10 19264
10 6 23805
17 9 24370
5 12 31101
6 6 19629
17 4 19954
12 10 4966
17 1 26308
15 1 24626
4 7 21538
14 10 22929
8 3 31115
19 6 22704
30 5 2306
26 0 5021
2 2 19072
0 5 26777
30 1 16512
28 4 9161
24 11 24767
27 6 4031
7 8 1150
12 10 13966
31 13 30191
22 11 15457
11 5 10383
29 5 32209
23 1 18588
20 12 27506
28 5 29168
9 13 18762
5 8 6359
3 13 21548
15 1 4041
5 4 10291
14 8 11020
9 11 27348
0 12 24484
31 2 53
19 0 27938
3 8 18127
5 4 14893
30 13 17807
12 2 6617
10 8 14309
26 7 17451
8 13 16519
8 6 30303
20 4 5844
5 9 32702
27 3 3093
21 3 1587
10 11 7448
21 4 6618
21 0 14798
2 3 20798
25 11 20472
27 2 12292
32 1 18190
23 6 6191
15 12 19156
27 4 2634
17 7 20328
8 0 4886
32 13 29869
12 2 1416
2 8 10322
6 11 5699
26 0 27892
2 7 10712
26 4 21003
7 11 14688
3 3 15255
22 4 10585
26 9 27088
10 1 23757
31 6 4169
9 3 17189
11 11 2368
15 5 10555
2 1 7441
8 3 18060
4 1 16139
15 11 25996
22 13 22549
13 0 12949
28 11 3297
22 6 16105
2 0 12455
27 12 11701
32 7 5786
20 1 24355
0 5 912
17 12 20945
23 8 28321
22 0 27982
19 0 23196
26 3 2161
24 10 11173
5 4 21659
24 7 17253
26 2 29510
26 13 13186
30 8 28022
23 4 18787
5 10 7391
5 13 26477
25 4 25824
30 2 24372
29 3 28070
29 3 7518
26 7 32270
14 8 17192
26 8 8480
8 11 4802
7 7 2625
25 6 11023
8 13 14181
16 6 17505
5 3 13031
11 2 17222
2 2 7900
14 2 22413
20 4 29170
4 5 19711
20 10 4667
25 6 140
32 7 21624
2 11 26576
13 6 26302
13 10 4678
21 9 25484
28 2 21119
19 0 18087
7 8 9010
5 12 20315
6 1 12043
21 10 5109
28 6 29565
22 9 14474
18 7 5629
17 13 28520
5 10 123
11 13 13261
31 3 1264
10 0 8116
14 12 29011
15 13 25547
0 2 29790
8 4 21763
23 5 18662
2 2 17713
16 8 8365
5 11 1200
21 13 2303
22 9 2324
9 12 21113
4 5 22850
6 0 12993
27 1 6540
25 4 12835
16 10 29350
13 9 20556
17 2 9357
12 1 29337
6 13 29361
26 2 29617
14 5 18696
2 3 24423
6 9 4565
25 0 22296
23 13 16962
20 12 6654
10 9 14369
26 9 2607
8 1 11635
2 0 4675
2 11 22142
27 1 22741
12 11 17825
20 6 1626
23 1 31783
24 10 22279
30 13 12734
20 4 5556
13 12 25705
32 6 15881
3 7 16641
22 5 13142
11 3 30877
30 2 1752
29 2 12673
8 3 875
8 8 610
27 8 28112
5 9 23831
9 0 28685
16 9 2589
19 11 19353
9 3 26740
0 2 335
14 6 7605
19 1 28503
1 3 20608
21 5 17549
21 11 31627
32 1 26129
22 9 29174
9 1 20215
4 9 23992
18 1 23392
18 10 26428
10 10 10075
9 0 24970
17 5 32604
8 11 22663
30 11 9010
28 7 18240
20 6 7619
24 3 6704
6 6 750
26 5 1539
6 12 21098
27 4 13648
1 0 22913
20 13 28712
23 2 1769
16 7 13985
8 12 2865
27 5 25508
4 10 9601
9 6 24472
26 13 28570
30 11 17103
2 13 11600
8 1 5565
28 11 25347
9 3 12637
2 3 5049
28 6 11342
14 0 21221
9 8 20888
22 4 7949
6 10 25620
22 5 4536
26 3 32226
5 10 9853
21 10 15748
24 13 32257
16 2 14955
20 8 25411
4 13 31001
10 4 18584
11 2 23342
23 7 16142
11 10 25072
32 4 26173
9 8 6705
1 6 19375
30 3 16036
18 7 30814
21 10 6652
11 10 20482
2 1 1131
14 5 14625
31 3 4186
22 12 5662
19 1 10353
32 12 14008
2 1 5454
1 2 26303
0 8 11124
8 13 27109
4 10 21080
0 2 24050
32 1 15264
23 8 29643
14 6 3561
10 0 1282
24 0 2220
23 7 3831
31 0 20259
0 9 23971
6 7 9781
5 2 32685
2 6 5589
17 2 19037
8 3 6234
1 7 3959
25 3 25269
22 1 58
15 13 26264
3 3 24555
27 4 3039
17 0 28082
7 13 20710
31 8 8380
16 9 6541
31 13 17110
26 1 788
19 2 29956
12 3 10008
5 12 1723
12 0 25184
28 4 5071
4 8 1071
14 5 26153
6 10 20825
7 5 28650
24 5 4693
0 8 10116
6 11 1528
15 10 29421
23 6 6816
25 6 28666
14 3 19964
20 2 6021
13 7 6064
5 3 17902
8 2 23941
9 10 28423
9 4 12268
12 2 31907
19 3 1012
16 2 24114
13 10 23556
14 13 29996
13 4 25345
23 10 7491
17 7 30114
5 6 24722
4 9 1052
24 3 18238
23 2 10866
4 4 28486
10 0 26633
14 10 1146
11 3 3925
21 2 6602
18 10 27830
21 12 7278
9 12 20448
22 8 28315
21 12 9567
28 1 31418
31 12 13851
20 10 4449
29 0 229
1 6 29560
0 4 1655
17 8 22361
8 4 23146
2 10 21188
0 0 27663
27 1 11521
13 5 20528
1 12 905
26 13 28962
4 4 12549
12 8 31923
3 11 22925
20 11 16336
22 4 12393
13 12 28164
10 13 19135
30 9 10004
2 5 28664
4 2 30568
9 1 9152
25 8 8194
9 12 28396
15 5 14640
2 3 943
7 9 20289
4 7 3805
28 4 31450
31 5 11064
25 9 16074
12 4 19695
3 7 13161
20 6 27358
27 4 19426
31 6 30774
1 12 23552
24 9 15495
22 6 1364
19 3 4460
12 0 26821
19 11 21577
21 13 30195
6 12 16343
28 3 1012
23 3 13428
5 4 5967
21 5 1908
30 13 26434
23 2 4319
1 9 26806
15 10 11367
4 3 28532
31 6 3447
5 13 26222
27 10 28583
20 11 17982
7 6 9220
25 10 23856
20 7 4324
18 7 15969
27 2 15677
30 2 21991
21 13 16828
5 12 15871
5 0 18703
5 12 5545
4 3 30238
15 11 21313
28 2 25128
32 4 28149
5 12 15869
21 11 20267
25 11 18634
29 0 22830
19 8 5177
17 10 702
9 9 16590
12 11 8023
4 5 20169
17 2 31310
0 12 7926
16 4 32528
8 4 7213
26 9 21286
3 0 4472
0 10 5841
27 3 14867
16 4 1881
17 0 28614
19 10 2661
26 10 20807
16 1 19435
29 1 7586
0 7 8360
31 8 8928
23 1 23840
1 13 19810
16 7 21892
5 6 29352
17 10 21794
8 12 11647
8 1 7208
30 11 23243
28 7 26841
24 0 19812
24 3 19851
21 3 29891
8 2 9990
23 5 17780
6 9 32544
7 5 899
19 13 5538
1 5 28252
30 6 15834
25 11 2785
16 12 18805
15 8 13210
19 4 26979
17 9 73
30 10 21497
32 0 19790
15 12 11159
24 1 159
17 2 9072
18 2 27967
11 9 18503
25 1 14196
29 2 12611
11 5 11056
20 13 16683
21 10 25452
2 12 6813
24 8 15460
23 12 2599
6 4 9198
5 9 32584
13 3 17006
24 3 18882
4 9 31758
27 11 17095
3 4 15678
14 13 25058
22 10 14007
2 1 2995
5 8 27753
10 10 15565
24 0 6172
23 11 7514
4 1 11191
0 4 6748
8 10 2144
12 7 26517
10 12 5874
17 13 22912
28 5 9091
14 13 26857
15 12 236
4 9 31226
13 1 23183
12 10 16097
29 3 2513
21 6 21078
15 0 4611
3 9 170
11 7 24750
11 1 13865
5 6 27007
9 6 16367
10 10 31810
19 7 2187
6 11 6321
4 5 19447
19 0 22276
19 5 30422
12 2 3455
15 4 4860
15 3 31348
29 11 22431
9 9 14197
29 2 15821
4 3 26021
2 1 27124
3 7 11376
25 11 24998
29 13 6922
9 5 28888
2 2 4747
3 4 25678
15 3 24961
9 9 26363
7 3 31561
13 5 28274
32 7 1181
30 11 18110
31 7 7172
21 13 2112
12 13 8247
28 11 8805
32 2 3989
14 9 15431
22 9 17206
13 8 2206
12 8 3396
32 10 23694
19 4 30109
32 13 28978
2 11 16626
21 12 17906
23 1 28118
3 9 11785
32 5 12420
19 1 15813
25 9 318
16 1 7267
5 4 23186
20 6 17827
24 13 7152
10 6 4693
19 1 31311
15 7 406
13 0 19413
17 10 17537
8 10 7355
23 7 3181
25 8 10987
3 11 8217
30 10 29447
23 1 22104
3 13 13525
26 2 21781
21 0 3656
10 11 27080
9 0 21411
18 10 3251
24 11 28768
12 3 12933
19 13 12259
22 6 2095
11 2 7720
6 4 8976
8 13 4071
25 7 9156
25 10 7905
12 11 21562
16 10 21080
21 3 31202
14 0 5340
31 0 31493
18 6 20474
23 1 8880
4 12 23400
14 9 20666
16 12 12481
8 7 19396
22 1 22012
19 3 18762
29 0 21
3 12 9248
14 12 23717
12 10 13290
2 5 3169
16 11 22640
1 7 29105
8 13 8681
22 3 24033
19 13 7042
18 7 11420
7 0 12244
10 5 20652
21 9 30470
23 5 1594
4 8 3276
5 2 7679
32 10 24710
0 11 29221
24 9 23589
30 8 24779
23 4 20135
24 8 29033
9 13 19779
21 6 24962
23 11 19105
26 11 2669
32 9 1457
29 3 13597
28 4 14844
13 9 21028
26 3 14723
26 2 31601
5 11 23692
4 7 29301
22 7 3565
30 9 18610
0 11 15022
0 3 23015
3 5 8738
0 2 1608
15 0 32707
23 8 144
15 7 23154
19 3 22225
14 10 31981
20 11 28223
2 10 18846
4 3 18805
3 10 20489
14 11 28135
12 9 21630
25 4 26737
21 0 27372
30 5 6734
24 4 27606
0 5 28382
28 7 30432
0 11 12279
1 3 30836
2 10 12737
10 3 20577
12 7 20556
25 2 21901
15 2 2136
26 7 5907
31 4 8719
27 8 30041
18 13 16290
6 0 3591
12 9 31490
5 11 3053
2 13 25903
11 12 18479
12 7 32468
6 13 23639
13 13 29993
19 0 23838
12 9 24399
2 5 1023
15 12 14243
23 0 8707
9 11 10687
30 1 24637
32 4 22816
10 2 8935
20 6 19877
30 10 27189
8 0 2663
31 9 22566
25 4 18588
23 7 9467
19 1 13189
15 1 21547
10 7 9099
9 6 31203
18 9 1570
23 8 25967
8 11 11531
31 9 7975
29 13 31495
25 1 26803
22 1 7450
10 0 25791
13 11 1775
24 7 18300
2 10 3585
13 7 893
29 9 4750
7 12 24271
9 6 30338
26 4 19047
9 12 479
24 7 18990
3 0 4422
32 3 18008
19 12 22194
5 4 20178
16 11 23941
32 7 16345
24 7 14964
3 13 25385
9 8 9462
0 4 11069
6 1 31552
31 11 3730
0 8 13049
27 13 26363
16 3 18470
31 13 7511
28 6 10498
8 10 25679
3 9 14522
2 9 25834
16 12 7240
32 0 5651
2 7 27616
11 12 5220
29 4 26798
4 9 16857
12 10 18902
14 2 19770
14 5 25841
14 6 3917
4 2 13698
14 3 65
27 2 25619
10 1 29130
26 11 14589
19 10 19172
31 9 12295
18 1 18490
12 11 31071
24 5 20643
10 11 27037
1 6 20274
24 12 32203
4 2 19662
32 11 31151
9 0 16717
7 3 5566
32 1 22659
29 2 32651
29 1 16840
16 13 27283
12 12 8421
10 5 26787
4 3 27999
30 3 2138
8 12 2461
7 9 7540
18 1 11622
10 8 27098
32 9 30614
31 13 28596
21 4 10538
14 0 21476
6 11 16371
29 12 13758
22 13 29065
0 7 3034
21 5 30548
15 4 16193
30 9 17103
27 1 13694
17 7 7498
32 2 3879
31 5 30931
9 5 25598
6 12 24599
26 1 1731
4 13 4434
13 13 10816
8 2 29866
32 12 28223
6 6 22667
16 3 13930
22 4 16090
15 13 1604
6 10 7195
11 6 17589
24 5 17889
29 12 3818
25 13 26
9 11 30066
12 8 12570
24 13 28641
22 11 21109
3 7 21085
26 2 18686
3 13 28128
26 1 30862
24 9 3872
7 1 14428
13 1 6478
26 5 21265
9 5 20778
13 9 2520
24 7 25134
26 9 13336
32 1 2737
4 10 7590
28 7 32080
12 1 17282
10 0 13573
26 3 4998
5 8 1717
13 9 28047
23 7 30231
25 13 25858
6 13 3394
6 3 14272
15 8 32072
12 2 11238
2 0 29608
30 9 6125
4 1 9078
1 9 20736
22 5 21138
10 10 10663
27 1 6724
10 8 7961
20 0 18448
15 12 24016
23 1 13993
32 4 30259
29 2 24643
13 9 119
25 11 8891
19 13 6915
20 9 841
29 3 12536
8 11 700
21 11 24241
15 2 5227
17 12 10324
31 3 22885
23 4 6862
25 2 11909
28 7 27085
30 8 14193
5 4 15765
25 7 10677
23 4 14790
0 13 621
1 0 25190
16 8 22086
8 11 30424
25 12 24254
2 6 12927
19 0 6366
27 2 12600
28 10 2290
2 1 2556
2 12 21478
18 11 7239
24 2 10827
13 0 7441
1 6 19002
19 4 13946
27 1 29833
20 7 6533
28 6 26385
11 12 17260
18 8 4343
8 11 113
28 13 5934
21 12 29761
31 5 11959
15 6 13370
21 5 8007
28 3 23101
2 10 15441
8 3 30412
5 4 7093
24 6 32676
13 9 6266
30 1 21528
4 9 5469
31 11 17107
7 1 17953
12 2 13519
2 13 22494
1 6 20383
6 3 28607
20 6 5471
17 4 29947
30 5 21229
27 4 17887
23 4 7470
32 2 8522
23 12 17553
21 1 1259
9 5 4629
9 9 22045
14 4 25452
19 2 11833
7 11 25631
6 1 25776
11 10 16320
18 11 16469
27 6 19842
0 7 26260
26 3 28630
6 13 31376
3 8 17117
14 12 14171
29 4 19154
23 7 30664
15 8 12212
13 5 25476
10 9 17877
27 11 11385
22 10 15144
26 13 14504
10 4 20308
13 2 5123
29 0 4346
10 7 25318
13 10 17591
4 5 6461
29 3 27330
19 9 17291
18 11 24117
7 6 1595
22 0 21867
32 9 27909
14 5 11503
4 12 1883
23 9 28402
16 7 28681
24 8 1866
24 11 3477
27 4 6238
17 3 26115
5 11 32657
19 11 7171
21 4 22530
13 2 25790
12 8 16586
22 9 19631
11 2 26610
7 11 18259
20 7 28119
29 8 6300
12 11 11458
7 9 30806
17 0 24272
24 2 12054
32 6 4229
10 12 10559
32 7 22688
31 7 26685
26 3 32261
